3 0.14296875 0.278125 0.2078125 0.23125
3 0.78046875 0.48203125 0.0625 0.05
3 0.840625 0.48046875 0.0609375 0.040625
3 0.90234375 0.47734375 0.0640625 0.0421875
3 0.9640625 0.4796875 0.0609375 0.04375
3 0.740625 0.53515625 0.0625 0.05625
3 0.80390625 0.5359375 0.0625 0.0546875
3 0.8640625 0.52890625 0.0640625 0.0515625
3 0.928125 0.525 0.0671875 0.0484375
3 0.74921875 0.5921875 0.0578125 0.0609375
3 0.81015625 0.59296875 0.0578125 0.053125
3 0.871875 0.584375 0.0609375 0.0671875
3 0.93515625 0.584375 0.0640625 0.0734375
3 0.728125 0.6609375 0.0625 0.059375
3 0.78515625 0.65546875 0.059375 0.059375
3 0.846875 0.653125 0.0640625 0.06875
3 0.91015625 0.6546875 0.0671875 0.071875