3 0.15546875 0.259375 0.2171875 0.240625
3 0.78046875 0.496875 0.0640625 0.053125
3 0.84140625 0.4984375 0.0625 0.04375
3 0.903125 0.4984375 0.065625 0.0453125
3 0.96484375 0.50390625 0.0625 0.046875
3 0.73828125 0.54765625 0.065625 0.059375
3 0.8015625 0.55234375 0.065625 0.0578125
3 0.86171875 0.5484375 0.065625 0.0546875
3 0.9265625 0.546875 0.06875 0.0515625
3 0.74453125 0.6046875 0.0609375 0.0625
3 0.80546875 0.609375 0.059375 0.0546875
3 0.8671875 0.60390625 0.0640625 0.06875
3 0.93046875 0.60703125 0.0671875 0.0765625
3 0.71875 0.67265625 0.065625 0.0625
3 0.7765625 0.6703125 0.0625 0.0625
3 0.8390625 0.67109375 0.0671875 0.071875
3 0.9015625 0.67578125 0.0703125 0.075