3 0.13203125 0.296875 0.19609375 0.221875
3 0.77890625 0.4671875 0.059375 0.046875
3 0.8390625 0.4625 0.0578125 0.0375
3 0.90078125 0.45625 0.0625 0.0390625
3 0.9625 0.45546875 0.05859375 0.040625
3 0.7421875 0.52265625 0.0609375 0.053125
3 0.80546875 0.5203125 0.06015625 0.0515625
3 0.86484375 0.51015625 0.06171875 0.0484375
3 0.92890625 0.50234375 0.06484375 0.04609375
3 0.75390625 0.57890625 0.05546875 0.0578125
3 0.81484375 0.5765625 0.05546875 0.04921875
3 0.87578125 0.56484375 0.0578125 0.06328125
3 0.9390625 0.56171875 0.0609375 0.06953125
3 0.7359375 0.6484375 0.0609375 0.05703125
3 0.79296875 0.640625 0.05625 0.0578125
3 0.8546875 0.634375 0.0609375 0.06484375
3 0.91796875 0.6328125 0.0640625 0.06875